 # bin_center Freq
  0.10000000149011612        8.6799999999999996E-004
  0.30000000447034836        6.1219999999999998E-003
  0.50000000745058060        1.5949999999999999E-002
  0.70000001043081284        2.8915000000000000E-002
  0.90000001341104507        4.3742999999999997E-002
   1.1000000163912773        5.8448000000000000E-002
   1.3000000193715096        7.1322999999999998E-002
   1.5000000223517418        8.0357999999999999E-002
   1.7000000253319740        8.6435999999999999E-002
   1.9000000283122063        8.7984000000000007E-002
   2.1000000312924385        8.5906999999999997E-002
   2.3000000342726707        8.0541000000000001E-002
   2.5000000372529030        7.2653999999999996E-002
   2.7000000402331352        6.2884999999999996E-002
   2.9000000432133675        5.2835000000000000E-002
   3.1000000461935997        4.2969000000000000E-002
   3.3000000491738319        3.3869000000000003E-002
   3.5000000521540642        2.6015000000000000E-002
   3.7000000551342964        1.9351000000000000E-002
   3.9000000581145287        1.3918000000000000E-002
   4.1000000610947609        9.9299999999999996E-003
   4.3000000640749931        6.9030000000000003E-003
   4.5000000670552254        4.5700000000000003E-003
   4.7000000700354576        2.9069999999999999E-003
   4.9000000730156898        1.8730000000000001E-003
   5.1000000759959221        1.1640000000000001E-003
   5.3000000789761543        6.5399999999999996E-004
   5.5000000819563866        3.7900000000000000E-004
   5.7000000849366188        2.5200000000000000E-004
   5.9000000879168510        1.3100000000000001E-004
   6.1000000908970833        6.3999999999999997E-005
   6.3000000938773155        4.3000000000000002E-005
   6.5000000968575478        2.0000000000000002E-005
   6.7000000998377800        1.2000000000000000E-005
   6.9000001028180122        6.0000000000000002E-006
