  Timestep            Temp  Potential Energy    Kinetic Energy
      1.00   94.3760745327   -163.1220679945     35.1645942454
    100.00   95.0688863596   -163.3801259405     35.4227364377
    200.00  108.5972394737   -168.4209410382     40.4634106808
    300.00  101.9768125980   -165.9540858457     37.9966347954
    400.00   96.6263378531   -163.9605649275     36.0030440008
    500.00   96.0643140233   -163.7511777281     35.7936335116
    600.00   98.2635730258   -164.5705578512     36.6130790210
    700.00   97.0220181767   -164.1078588251     36.1504747781
    800.00  104.6005552711   -166.9317852204     38.9742432302
    900.00   98.8368928422   -164.7841779232     36.8266984029
   1000.00   99.2286755680   -164.9301466219     36.9726769325
   1100.00  103.4682533047   -166.5099237774     38.5523466912
   1200.00  100.1313073415   -165.2664998169     37.3089981900
   1300.00  102.2658168674   -166.0618323541     38.1043179971
   1400.00  101.9739249181   -165.9530247517     37.9955588438
   1500.00   96.0897151784   -163.7605864693     35.8030980005
   1600.00  104.9839779681   -167.0747288939     39.1171068069
   1700.00  100.2682327025   -165.3174456257     37.3600166795
   1800.00   98.3932235287   -164.6189491887     36.6613868929
   1900.00   88.6707123276   -160.9961306198     33.0387721240
   2000.00  100.8277894964   -165.5260226132     37.5685079492
   2100.00   98.4946689699   -164.6566273943     36.6991855384
   2200.00   95.6876398847   -163.6107203935     35.6532844527
   2300.00  101.4400423672   -165.7541062597     37.7966338157
   2400.00  101.5891694967   -165.8096941816     37.8521986930
   2500.00   94.4254207467   -163.1404021357     35.1829806807
   2600.00  108.5605677084   -168.4073372874     40.4497467543
   2700.00   98.9983778223   -164.8443938165     36.8868678244
   2800.00   95.3135484504   -163.4713617838     35.5138977112
   2900.00  106.0069594076   -167.4558263190     39.4982704378
   3000.00   97.4772483372   -164.2775648749     36.3200938681
   3100.00   97.7471744680   -164.3782255633     36.4206685415
   3200.00   94.3182566128   -163.1005365504     35.1430512462
   3300.00   97.4679606637   -164.2741986802     36.3166332742
   3400.00   97.0180494647   -164.1065140377     36.1489960331
   3500.00   99.9657090363   -165.2048424014     37.2472961407
   3600.00   99.8547591467   -165.1634563796     37.2059561308
   3700.00  100.1142653429   -165.2601707807     37.3026483289
   3800.00  103.3202538419   -166.4548074680     38.4972019833
   3900.00  100.5860220177   -165.4360263740     37.4784252102
   4000.00   97.4786803055   -164.2781825188     36.3206274206
   4100.00  102.8504347133   -166.2798112337     38.3221470331
   4200.00   91.3768339954   -162.0045829762     34.0470750323
   4300.00  103.0775331971   -166.3644247065     38.4067640940
   4400.00  106.1013527044   -167.4910369029     39.5334414491
   4500.00  105.6326231247   -167.3164992017     39.3587924656
   4600.00  104.7045986671   -166.9706728356     39.0130098755
   4700.00  104.6097730391   -166.9352284453     38.9776777773
   4800.00  113.0422722517   -170.0772911423     42.1196331378
   4900.00  111.1272811917   -169.3638206191     41.4061060713
   5000.00   97.6572217242   -164.3447131116     36.3871520835
   5100.00  105.6932510873   -167.3390968161     39.3813824887
   5200.00   98.6667737259   -164.7208963836     36.7633118960
   5300.00  101.4965081161   -165.7753515028     37.8176729949
   5400.00  101.9518865584   -165.9449964444     37.9873473349
   5500.00  100.2718909633   -165.3189966686     37.3613797501
   5600.00  101.0071684976   -165.5929984730     37.6353446960
   5700.00  100.1091998320   -165.2584082950     37.3007609158
   5800.00  100.1756177161   -165.2832750277     37.3255082679
   5900.00   93.7400470447   -162.8852346124     34.9276099392
   6000.00  103.1317182245   -166.3846768409     38.4269534747
   6100.00  103.8857803406   -166.6656341767     38.7079175695
   6200.00  100.7541988112   -165.4987316038     37.5410880062
   6300.00  105.4197481828   -167.2372090699     39.2794751069
   6400.00  102.3129730424   -166.0795707721     38.1218884223
   6500.00  103.1742077278   -166.4005694763     38.4427850946
   6600.00  100.6651652623   -165.4655504438     37.5079140409
   6700.00  104.8814013013   -167.0366004335     39.0788866660
   6800.00  100.1107261800   -165.2590575270     37.3013296342
   6900.00   94.7519609557   -163.2623615795     35.3046498009
   7000.00   93.4908800270   -162.7923610339     34.8347701265
   7100.00  109.2752955054   -168.6738735403     40.7160548531
   7200.00  103.3505674571   -166.4662049031     38.5084968585
   7300.00  103.0889267589   -166.3686737945     38.4110093434
   7400.00  103.0395914818   -166.3503210858     38.3926269831
   7500.00   97.8571184554   -164.4192769892     36.4616337514
   7600.00   97.5207547559   -164.2939554603     36.3363043915
   7700.00   96.3045110993   -163.8408339796     35.8831311174
   7800.00  100.9486580508   -165.5713283603     37.6135436608
   7900.00   98.4864982984   -164.6538138386     36.6961411402
   8000.00   99.3412170959   -164.9723262586     37.0146099879
   8100.00  102.6952512658   -166.2220388602     38.2643255673
   8200.00  105.2450764565   -167.1720855032     39.2143922942
   8300.00   99.2238450470   -164.9285134389     36.9708770768
   8400.00  106.2862083047   -167.5600902064     39.6023187807
   8500.00   99.2682272896   -164.9450217006     36.9874139328
   8600.00  103.3496395015   -166.4659083479     38.5081511015
   8700.00  103.4846603121   -166.5161815828     38.5584599541
   8800.00   98.6722033336   -164.7229756181     36.7653349718
   8900.00  101.0939725074   -165.6253636620     37.6676879334
   9000.00  111.7767229473   -169.6058624492     41.6480885434
   9100.00  101.2042116013   -165.6664259269     37.7087631002
   9200.00  106.7452521336   -167.7311359959     39.7733588463
   9300.00  101.7202495244   -165.8586783899     37.9010392070
   9400.00  102.0725619046   -165.9900365594     38.0323110569
   9500.00  100.3626327777   -165.3527951408     37.3951902164
   9600.00  103.7771984901   -166.6252109200     38.6674598927
   9700.00   97.0718804716   -164.1267221668     36.1690535056
   9800.00  104.2374039449   -166.7965716526     38.8389327810
   9900.00  112.4539396875   -169.8581343922     41.9004199951
  10000.00   92.3063716769   -162.3510270962     34.3934214509
