 # bin_center Freq
  -3.8999999985098839        6.2000000000000003E-005
  -3.6999999955296516        7.2999999999999999E-005
  -3.4999999925494194        1.6699999999999999E-004
  -3.2999999895691872        3.3399999999999999E-004
  -3.0999999865889549        6.8900000000000005E-004
  -2.8999999836087227        1.2090000000000000E-003
  -2.6999999806284904        2.0309999999999998E-003
  -2.4999999776482582        3.4670000000000000E-003
  -2.2999999746680260        5.7050000000000000E-003
  -2.0999999716877937        8.8229999999999992E-003
  -1.8999999687075615        1.3122000000000000E-002
  -1.6999999657273293        1.8992999999999999E-002
  -1.4999999627470970        2.5857000000000002E-002
  -1.2999999597668648        3.4605999999999998E-002
  -1.0999999567866325        4.3555000000000003E-002
 -0.89999995380640030        5.3270999999999999E-002
 -0.69999995082616806        6.2008000000000001E-002
 -0.49999994784593582        7.0304000000000005E-002
 -0.29999994486570358        7.5675000000000006E-002
  -9.9999941885471344E-002   7.9593999999999998E-002
  0.10000006109476089        7.9349000000000003E-002
  0.30000006407499313        7.6072000000000001E-002
  0.50000006705522537        7.0273000000000002E-002
  0.70000007003545761        6.2225999999999997E-002
  0.90000007301568985        5.3661000000000000E-002
   1.1000000759959221        4.3924999999999999E-002
   1.3000000789761543        3.4332000000000001E-002
   1.5000000819563866        2.6150000000000000E-002
   1.7000000849366188        1.8762999999999998E-002
   1.9000000879168510        1.3046000000000000E-002
   2.1000000908970833        8.8319999999999996E-003
   2.3000000938773155        5.7029999999999997E-003
   2.5000000968575478        3.5739999999999999E-003
   2.7000000998377800        2.0500000000000002E-003
   2.9000001028180122        1.1720000000000001E-003
   3.1000001057982445        6.6200000000000005E-004
   3.3000001087784767        3.3599999999999998E-004
   3.5000001117587090        1.6699999999999999E-004
   3.7000001147389412        8.2999999999999998E-005
   3.9000001177191734        4.1000000000000000E-005
